425 125
11111111111111111111111111111111111111101111111111111111111111111111111111111111111111111111111111111111111111111111111111111
11111111111111111111111111111111111111101100111111111111111111111111111111111111111111111111111111111111111111111111111111111
11111111111111111111111111111111111100000000100001101111111111111111111111111111111111111111111111111111111111111111111111111
11111111111111111111111111111111100000000000000000001111111111111111111111111111111111111111111111111111111111111111111111111
11111111111111111111111111111110000000000000000000000011111111111111111111111111111111111111111111111111111111111111111111111
11111111111111111111111111111100000000000000000000000010011111111111111111111111111111111111111111111111111111111111111111111
11111111111111111111111111111100000000000000000000000000010111111111111111111111111111111111111111111111111111111111111111111
11111111111111111111111111111000000000000000000000000000000111111111111111111111111111111111111111111111111111111111111111111
11111111111111111111111111000000000000000000000000000000000101111111111111111111111111111111111111111111111111111111111111111
11111111111111111111111110000000000000000000000000000000000001111111111111111111111111111111111111111111111111111111111111111
11111111111111111111111110000000000000000000000000000000000000011111111111111111111111111111111111111111111111111111111111111
11111111111111111111111110000000000000000000000000000000000000011111111111111111111111111111111111111111111111111111111111111
11111111111111111111111100000000000000000000000000000000000000001111111111111111111111111111111111111111111111111111111111111
11111111111111111111111100000000000000000000000000000000000000000011111111111111111111111111111111111111111111111111111111111
11111111111111111111111000000000000000000000000000000000000000000010111111111111111111111111111111111111111111111111111111111
11111111111111111111111000000000000000000000000000000000000000000000111111111111111111111111111111111111111111111111111111111
11111111111111111111100000000000000000000000000000000000000000000000001111111111111111111111111111111111111111111111111111111
11111111111111111111100000000000000000000000000000000000000000000000000111111111111111111111111111111111111111111111111111111
11111111111111111111100000000000000000000000000000000000000000000000000111111111111111111111111111111111111111111111111111111
11111111111111111111100000000000000000000000000000000000000000000000000011111111111111111111111111111111111111111111111111111
11111111111111111111100000000000000000000000000000000000000000000000000000111111111111111111111111111111111111111111111111111
11111111111111111111000000000000000000000000000000000000000000000000000000111111111111111111111111111111111111111111111111111
11111111111111111111000000000000000000000000000000000000000000000000000000011111111111111111111111111111111111111111111111111
11111111111111111111000000000000000000000000000000000000000000000000000000011111111111111111111111111111111111111111111111111
11111111111111111110000000000000000000000000000000000000000000000000000000000111111111111111111111111111111111111111111111111
11111111111111111110000000000000000000000000000000000000000000000000000000000011111111111111111111111111111111111111111111111
11111111111111111110000000000000000000000000000000000000000000000000000000000011111111111111111111111111111111111111111111111
11111111111111111110000000000000000000000000000000000000000000000000000000000000111111111111111111111111111111111111111111111
11111111111111111110000000000000000000000000000000000000000000000000000000000000111111111111111111111111111111111111111111111
11111111111111111110000000000000000000000000000000000000000000000000000000000000011111111111111111111111111111111111111111111
11111111111111111110000000000000000000000000000000000000000000000000000000000000011111111111111111111111111111111111111111111
11111111111111111100000000000000000000000000000000000000000000000000000000000000001011111111111111111111111111111111111111111
11111111111111111100000000000000000000000000000000000000000000000000000000000000000011111111111111111111111111111111111111111
11111111111111111100000000000000000000000000000000000000000000000000000000000000000001111111111111111111111111111111111111111
11111111111111111100000000000000000000000000000000000000000000000000000000000000000001111111111111111111111111111111111111111
11111111111111111100000000000000000000000000000000000000000000000000000000000000000000111111111111111111111111111111111111111
11111111111111111000000000000000000000000000000000000000000000000000000000000000000000111111111111111111111111111111111111111
11111111111111111000000000000000000000000000000000000000000000000000000000000000000000011111111111111111111111111111111111111
11111111111111111000000000000000000000000000000000000000000000000000000000000000000000010111111111111111111111111111111111111
11111111111111111000000000000000000000000000000000000000000000000000000000000000000000000111111111111111111111111111111111111
11111111111111111000000000000000000000000000000000000000000000000000000000000000000000000011111111111111111111111111111111111
11111111111111111000000000000000000000000000000000000000000000000000000000000000000000000011111111111111111111111111111111111
11111111111111111000000000000000000000000000000000000000000000000000000000000000000000000001111111111111111111111111111111111
11111111111111111000000000000000000000000000000000000000000000000000000000000000000000000001111111111111111111111111111111111
11111111111111111000000000000000000000000000000000000000000000000000000000000000000000000000111111111111111111111111111111111
11111111111111111000000000000000000000000000000000000000000000000000000000000000000000000000111111111111111111111111111111111
11111111111111111000000000000000000000000000000000000000000000000000000000000000000000000000011111111111111111111111111111111
11111111111111111000000000000000000000000000000000000000000000000000000000000000000000000000000111111111111111111111111111111
11111111111111111000000000000000000000000000000000000000000000000000000000000000000000000000000011111111111111111111111111111
11111111111111111000000000000000000000000000000000000000000000000000000000000000000000000000000011111111111111111111111111111
11111111111111111000000000000000000000000000000000000000000000000000000000000000000000000000000001111111111111111111111111111
11111111111111111000000000000000000000000000000000000000000000000000000000000000000000000000000001111111111111111111111111111
11111111111111111000000000000000000000000000000000000000000000000000000000000000000000000000000000111111111111111111111111111
11111111111111111000000000000000000000000000000000000000000000000000000000000000000000000000000000111111111111111111111111111
11111111111111111000000000000000000000000000000000000000000000000000000000000000000000000000000000011111111111111111111111111
11111111111111111000000000000000000000000000000000100000000000000000000000000000000000000000000000011111111111111111111111111
11111111111111111000000000000000000000000000000111100100000000000000000000000000000000000000000000001111111111111111111111111
11111111111111111000000000000000000000000000111111111100000000000000000000000000000000000000000000001111111111111111111111111
11111111111111111100000000000000000000010011111111111111100000000000000000000000000000000000000000000111111111111111111111111
11111111111111111000000000000000000000111111111111111111101000000000000000000000000000000000000000000011111111111111111111111
11111111111111111000000000000000000000111111111111111111111010000000000000000000000000000000000000000011111111111111111111111
11111111111111111100000000000000000001111111111111111111111110100000000000000000000000000000000000000001111111111111111111111
11111111111111111100000000000000000011111111111111111111111111100000000000000000000000000000000000000000111111111111111111111
11111111111111111100000000000000000001111111111111111111111111110000000000000000000000000000000000000000011111111111111111111
11111111111111111000000000000000000001111111111111111111111111110100000000000000000000000000000000000000011111111111111111111
11111111111111111000000000000000000001111111111111111111111111111100000000000000000000000000000000000000001111111111111111111
11111111111111111100000000000000000001111111111111111111111111111111000000000000000000000000000000000000001111111111111111111
11111111111111111100000000000000000001111111111111111111111111111111010000000000000000000000000000000000000111111111111111111
11111111111111111100000000000000000001111111111111111111111111111111110000000000000000000000000000000000000111111111111111111
11111111111111111100000000000000000001111111111111111111111111111111110000000000000000000000000000000000000011111111111111111
11111111111111111110000000000000000001111111111111111111111111111111111000000000000000000000000000000000000011111111111111111
11111111111111111100000000000000000001111111111111111111111111111111111100000000000000000000000000000000000001111111111111111
11111111111111111110000000000000000001111111111111111111111111111111111110000000000000000000000000000000000001111111111111111
11111111111111111110000000000000000001111111111111111111111111111111111111000000000000000000000000000000000000111111111111111
11111111111111111110000000000000000001111111111111111111111111111111111111000000000000000000000000000000000000011111111111111
11111111111111111110000000000000000001111111111111111111111111111111111111100000000000000000000000000000000000011111111111111
11111111111111111110000000000000000000111111111111111111111111111111111111111000000000000000000000000000000000001111111111111
11111111111111111110000000000000000001111111111111111111111111111111111111111100000000000000000000000000000000000111111111111
11111111111111111111000000000000000000111111111111111111111111111111111111111100000000000000000000000000000000000111111111111
11111111111111111111000000000000000000111111111111111111111111111111111111111110000000000000000000000000000000000011111111111
11111111111111111111100000000000000000111111111111111111111111111111111111111111100000000000000000000000000000000011111111111
11111111111111111111000000000000000000111111111111111111111111111111111111111111100000000000000000000000000000000001111111111
11111111111111111111000000000000000000011111111111111111111111111111111111111111110000000000000000000000000000000001111111111
11111111111111111111100000000000000000011111111111111111111111111111111111111111110000000000000000000000000000000000111111111
11111111111111111111100000000000000000011111111111111111111111111111111111111111111000000000000000000000000000000000111111111
11111111111111111111100000000000000000011111111111111111111111111111111111111111111000000000000000000000000000000000011111111
11111111111111111111100000000000000000001111111111111111111111111111111111111111111100000000000000000000000000000000011111111
11111111111111111111100000000000000000001111111111111111111111111111111111111111111100000000000000000000000000000000001111111
11111111111111111111100000000000000000001111111111111111111111111111111111111111111110000000000000000000000000000000001111111
11111111111111111111110000000000000000001111111111111111111111111111111111111111111111100000000000000000000000000000000111111
11111111111111111111110000000000000000000111111111111111111111111111111111111111111111100000000000000000000000000000000011111
11111111111111111111110000000000000000000111111111111111111111111111111111111111111111110000000000000000000000000000000011111
11111111111111111111110000000000000000000111111111111111111111111111111111111111111111111000000000000000000000000000000011111
11111111111111111111110000000000000000000011111111111111111111111111111111111111111111111000000000000000000000000000000001111
11111111111111111111111000000000000000000011111111111111111111111111111111111111111111111100000000000000000000000000000001111
11111111111111111111111000000000000000000011111111111111111111111111111111111111111111111100000000000000000000000000000001111
11111111111111111111111000000000000000000011111111111111111111111111111111111111111111111110000000000000000000000000000000111
11111111111111111111111000000000000000000001111111111111111111111111111111111111111111111110000000000000000000000000000000111
11111111111111111111111000000000000000000001111111111111111111111111111111111111111111111111100000000000000000000000000000111
11111111111111111111111100000000000000000001111111111111111111111111111111111111111111111111110000000000000000000000000000111
11111111111111111111111100000000000000000001111111111111111111111111111111111111111111111111110000000000000000000000000000111
11111111111111111111111100000000000000000000111111111111111111111111111111111111111111111111111000000000000000000000000000111
11111111111111111111111100000000000000000000111111111111111111111111111111111111111111111111111000000000000000000000000000111
11111111111111111111111100000000000000000000011111111111111111111111111111111111111111111111111100000000000000000000000000011
11111111111111111111111100000000000000000000011111111111111111111111111111111111111111111111111100000000000000000000000000011
11111111111111111111111110000000000000000000011111111111111111111111111111111111111111111111111110000000000000000000000000011
11111111111111111111111110000000000000000000011111111111111111111111111111111111111111111111111110000000000000000000000000011
11111111111111111111111110000000000000000000001111111111111111111111111111111111111111111111111111000000000000000000000000011
11111111111111111111111111000000000000000000001111111111111111111111111111111111111111111111111111100000000000000000000000001
11111111111111111111111111000000000000000000001111111111111111111111111111111111111111111111111111110000000000000000000000001
11111111111111111111111111000000000000000000001111111111111111111111111111111111111111111111111111110000000000000000000000001
11111111111111111111111111000000000000000000000111111111111111111111111111111111111111111111111111110000000000000000000000001
11111111111111111111111111000000000000000000001111111111111111111111111111111111111111111111111111111000000000000000000000001
11111111111111111111111111100000000000000000000111111111111111111111111111111111111111111111111111111100000000000000000000001
11111111111111111111111111100000000000000000000111111111111111111111111111111111111111111111111111111100000000000000000000001
11111111111111111111111111100000000000000000000011111111111111111111111111111111111111111111111111111100000000000000000000000
11111111111111111111111111100000000000000000000011111111111111111111111111111111111111111111111111111100000000000000000000000
11111111111111111111111111110000000000000000000011111111111111111111111111111111111111111111111111111100000000000000000000001
11111111111111111111111111110000000000000000000011111111111111111111111111111111111111111111111111111100000000000000000000001
11111111111111111111111111110000000000000000000001111111111111111111111111111111111111111111111111111100000000000000000000000
11111111111111111111111111110000000000000000000001111111111111111111111111111111111111111111111111111100000000000000000000000
11111111111111111111111111111000000000000000000000111111111111111111111111111111111111111111111111111100000000000000000000000
11111111111111111111111111111000000000000000000000111111111111111111111111111111111111111111111111111000000000000000000000000
11111111111111111111111111111000000000000000000000111111111111111111111111111111111111111111111111111000000000000000000000000
11111111111111111111111111111100000000000000000000011111111111111111111111111111111111111111111111111000000000000000000000000
11111111111111111111111111111100000000000000000000011111111111111111111111111111111111111111111111111000000000000000000000000
11111111111111111111111111111100000000000000000000001111111111111111111111111111111111111111111111111000000000000000000000000
11111111111111111111111111111100000000000000000000001111111111111111111111111111111111111111111111110000000000000000000000000
11111111111111111111111111111110000000000000000000001111111111111111111111111111111111111111111111110000000000000000000000000
11111111111111111111111111111110000000000000000000001111111111111111111111111111111111111111111111110000000000000000000000000
11111111111111111111111111111110000000000000000000000111111111111111111111111111111111111111111111110000000000000000000000000
11111111111111111111111111111110000000000000000000000111111111111111111111111111111111111111111111110000000000000000000000001
11111111111111111111111111111111000000000000000000000111111111111111111111111111111111111111111111110000000000000000000000001
11111111111111111111111111111111000000000000000000000111111111111111111111111111111111111111111111110000000000000000000000001
11111111111111111111111111111111000000000000000000000011111111111111111111111111111111111111111111110000000000000000000000001
11111111111111111111111111111111000000000000000000000011111111111111111111111111111111111111111111100000000000000000000000001
11111111111111111111111111111111100000000000000000000001111111111111111111111111111111111111111111100000000000000000000000001
11111111111111111111111111111111110000000000000000000001111111111111111111111111111111111111111111100000000000000000000000001
11111111111111111111111111111111110000000000000000000001111111111111111111111111111111111111111111100000000000000000000000011
11111111111111111111111111111111110000000000000000000000111111111111111111111111111111111111111111000000000000000000000000011
11111111111111111111111111111111110000000000000000000000111111111111111111111111111111111111111111000000000000000000000000011
11111111111111111111111111111111111000000000000000000000011111111111111111111111111111111111111111000000000000000000000000011
11111111111111111111111111111111111000000000000000000000011111111111111111111111111111111111111111000000000000000000000000011
11111111111111111111111111111111111000000000000000000000011111111111111111111111111111111111111111000000000000000000000000111
11111111111111111111111111111111111000000000000000000000011111111111111111111111111111111111111111000000000000000000000000111
11111111111111111111111111111101011000000000000000000000001111111111111111111111111111111111111111000000000000000000000000111
11111111111111111111111111010000000000000000000000000000001111111111111111111111111111111111111111000000000000000000000000111
11111111111111111111111100000000000000000000000000000000000111111111111111111111111111111111111110000000000000000000000000111
11111111111111111111111100000000000000000000000000000000000111111111111111111111111111111111111110000000000000000000000000111
11111111111111111111111100000000000000000000000000000000000111111111111111111111111111111111111110000000000000000000000000111
11111111111111111111101000000000000000000000000000000000000011111111111111111111111111111111111110000000000000000000000000111
11111111111111111111000000000000000000000000000000000000000011111111111111111111111111111111111110000000000000000000000001111
11111111111111111110000000000000000000000000000000000000000001111111111111111111111111111111111100000000000000000000000001111
11111111111111111110000000000000000000000000000000000000000000111111111111111111111111111111111100000000000000000000000001111
11111111111111111100000000000000000000000000000000000000000000111111111111111111111111111111111100000000000000000000000001111
11111111111111111000000000000000000000000000000000000000000000011111111111111111111111111111111100000000000000000000000001111
11111111111111111000000000000000000000000000000000000000000000011111111111111111111111111111111100000000000000000000000011111
11111111111111100000000000000000000000000000000000000000000000011111111111111111111111111111111100000000000000000000000011111
11111111111111000000000000000000000000000000000000000000000000011111111111111111111111111111111100000000000000000000000011111
11111111111111000000000000000000000000000000000000000000000000001111111111111111111111111111111000000000000000000000000011111
11111111111111000000000000000000000000000000000000000000000000001111111111111111111111111111111000000000000000000000000011111
11111111111110000000000000000000000000000000000000000000000000000111111111111111111111111111111000000000000000000000000011111
11111111111110000000000000000000000000000000000000000000000000000111111111111111111111111111111000000000000000000000000011111
11111111111110000000000000000000000000000000000000000000000000000011111111111111111111111111111000000000000000000000000111111
11111111111110000000000000000000000000000000000000000000000000000001111111111111111111111111111000000000000000000000000111111
11111111111110000000000000000000000000000000000000000000000000000001111111111111111111111111110000000000000000000000000111111
11111111111100000000000000000000000000000000000000000000000000000000111111111111111111111111110000000000000000000000000111111
11111111111000000000000000000000000000000000000000000000000000000001111111111111111111111111110000000000000000000000000111111
11111111110000000000000000000000000000000000000000000000000000000000111111111111111111111111110000000000000000000000001111111
11111111110000000000000000000000000000000000000000000000000000000000011111111111111111111111110000000000000000000000001111111
11111111110000000000000000000000000000000000000000000000000000000000011111111111111111111111110000000000000000000000001111111
11111111110000000000000000000000000000000000000000000000000000000000001111111111111111111111100000000000000000000000001111111
11111111110000000000000000000000000000000000000000000000000000000000001111111111111111111111100000000000000000000000001111111
11111111000000000000000000000000000000000000000000000000000000000000001111111111111111111111100000000000000000000000001111111
11111111000000000000000000000000000000000000000000000000000000000000000111111111111111111111100000000000000000000000001111111
11111111000000000000000000000000000000000000000000000000000000000000000011111111111111111111100000000000000000000000011111111
11111111000000000000000000000000000000000000000000000000000000000000000011111111111111111111100000000000000000000000011111111
11111111000000000000000000000000000000000000000000000000000000000000000001111111111111111111000000000000000000000000011111111
11111111000000000000000000000000000000000000000000000000000000000000000001111111111111111111000000000000000000000000011111111
11111111000000000000000000000000000000000000000000000000000000000000000000111111111111111111000000000000000000000000011111111
11111100000000000000000000000000000000000000000000000000000000000000000000111111111111111111000000000000000000000000011111111
11111100000000000000000000000000000000000000000000000000000000000000000000011111111111111111000000000000000000000000111111111
11111100000000000000000000000000000000000000000000000000000000000000000000011111111111111111000000000000000000000000111111111
11111100000000000000000000000000000000000000000000000000000000000000000000001111111111111110000000000000000000000000111111111
11111100000000000000000000000000000000000000000000000000000000000000000000000111111111111110000000000000000000000000111111111
11111100000000000000000000000000000000000000000000000000000000000000000000000011111111111110000000000000000000000000111111111
11111000000000000000000000000000000000000000000000000000000000000000000000000011111111111110000000000000000000000000111111111
11111000000000000000000000000000000000000000000000000000000000000000000000000001111111111110000000000000000000000001111111111
11111000000000000000000000000000000000000000000000000000000000000000000000000001111111111110000000000000000000000001111111111
11111000000000000000000000000000000000000000000000000000000000000000000000000000111111111110000000000000000000000001111111111
11111000000000000000000000000000000000000000000000000000000000000000000000000000111111111110000000000000000000000001111111111
11111000000000000000000000000000000000000000000000000000000000000000000000000000011111111100000000000000000000000001111111111
11110000000000000000000000000000000000000000000000000000000000000000000000000000011111111100000000000000000000000001111111111
11110000000000000000000000000000000000000000000000000000000000000000000000000000001111111100000000000000000000000011111111111
11110000000000000000000000000000000000000000000000000000000000000000000000000000001111111100000000000000000000000011111111111
11110000000000000000000000000000000000000000000000000000000000000000000000000000000111111100000000000000000000000011111111111
11110000000000000000000000000000000000000000000000000000000000000000000000000000000111111000000000000000000000000011111111111
11110000000000000000000000000000000000000000000000000000000000000000000000000000000011111000000000000000000000000011111111111
11100000000000000000000000000000000000010000000000000000000000000000000000000000000001111000000000000000000000000011111111111
11100000000000000000000000000000000001110111000000000000000000000000000000000000000001111000000000000000000000000011111111111
11100000000000000000000000000000001111111111111000000000000000000000000000000000000000111000000000000000000000000111111111111
11100000000000000000000000000000011111111111111010000000000000000000000000000000000000111000000000000000000000000111111111111
11100000000000000000000000000000011111111111111110000000000000000000000000000000000000111000000000000000000000000111111111111
11100000000000000000000000000000111111111111111111100000000000000000000000000000000000110000000000000000000000000111111111111
11000000000000000000000000000001111111111111111111111000000000000000000000000000000000000000000000000000000000000111111111111
11000000000000000000000000000001111111111111111111111000000000000000000000000000000000000000000000000000000000000111111111111
11000000000000000000000000000011111111111111111111111110000000000000000000000000000000000000000000000000000000000111111111111
11000000000000000000000000000111111111111111111111111111100000000000000000000000000000000000000000000000000000001111111111111
11000000000000000000000000000111111111111111111111111111100000000000000000000000000000000000000000000000000000001111111111111
11000000000000000000000000000111111111111111111111111111110000000000000000000000000000000000000000000000000000001111111111111
11000000000000000000000000001111111111111111111111111111110000000000000000000000000000000000000000000000000000001111111111111
10000000000000000000000000111111111111111111111111111111111000000000000000000000000000000000000000000000000000001111111111111
10000000000000000000000000111111111111111111111111111111111010000000000000000000000000000000000000000000000000001111111111111
10000000000000000000000000111111111111111111111111111111111110000000000000000000000000000000000000000000000000011111111111111
11000000000000000000000000111111111111111111111111111111111111000000000000000000000000000000000000000000000000011111111111111
11000000000000000000000000111111111111111111111111111111111111100000000000000000000000000000000000000000000000011111111111111
11000000000000000000000010111111111111111111111111111111111111100000000000000000000000000000000000000000000000011111111111111
10000000000000000000000011111111111111111111111111111111111111110000000000000000000000000000000000000000000000011111111111111
10000000000000000000000011111111111111111111111111111111111111110000000000000000000000000000000000000000000000011111111111111
10000000000000000000000011111111111111111111111111111111111111111000000000000000000000000000000000000000000000111111111111111
10000000000000000000000011111111111111111111111111111111111111111000000000000000000000000000000000000000000000111111111111111
10000000000000000000000011111111111111111111111111111111111111111100000000000000000000000000000000000000000000111111111111111
10000000000000000000000011111111111111111111111111111111111111111100000000000000000000000000000000000000000000111111111111111
10000000000000000000000111111111111111111111111111111111111111111110000000000000000000000000000000000000000000111111111111111
10000000000000000000000111111111111111111111111111111111111111111110000000000000000000000000000000000000000000111111111111111
10000000000000000000000111111111111111111111111111111111111111111111000000000000000000000000000000000000000001111111111111111
10000000000000000000000111111111111111111111111111111111111111111111100000000000000000000000000000000000000001111111111111111
10000000000000000000000111111111111111111111111111111111111111111111100000000000000000000000000000000000000001111111111111111
00000000000000000000001111111111111111111111111111111111111111111111110000000000000000000000000000000000000001111111111111111
10000000000000000000011111111111111111111111111111111111111111111111110000000000000000000000000000000000000101111111111111111
10000000000000000000011111111111111111111111111111111111111111111111111000000000000000000000000000000000000101111111111111111
10000000000000000000011111111111111111111111111111111111111111111111111100000000000000000000000000000000000111111111111111111
10000000000000000000011111111111111111111111111111111111111111111111111100000000000000000000000000000000000111111111111111111
10000000000000000000001111111111111111111111111111111111111111111111111110000000000000000000000000000000000111111111111111111
10000000000000000000001111111111111111111111111111111111111111111111111110000000000000000000000000000000000111111111111111111
10000000000000000000001111111111111111111111111111111111111111111111111111000000000000000000000000000000000111111111111111111
10000000000000000000011111111111111111111111111111111111111111111111111111000000000000000000000000000000001111111111111111111
10000000000000000000011111111111111111111111111111111111111111111111111111100000000000000000000000000000001111111111111111111
10000000000000000000011111111111111111111111111111111111111111111111111111000000000000000000000000000000001111111111111111111
10000000000000000000011111111111111111111111111111111111111111111111111111100000000000000000000000000000001111111111111111111
10000000000000000000011111111111111111111111111111111111111111111111111111100000000000000000000000000000001111111111111111111
10000000000000000000011111111111111111111111111111111111111111111111111111110000000000000000000000000000001111111111111111111
10000000000000000000011111111111111111111111111111111111111111111111111111110000000000000000000000000000011111111111111111111
11000000000000000000011111111111111111111111111111111111111111111111111111111000000000000000000000000000011111111111111111111
11000000000000000000011111111111111111111111111111111111111111111111111111111100000000000000000000000000011111111111111111111
10000000000000000000011111111111111111111111111111111111111111111111111111111100000000000000000000000000011111111111111111111
10000000000000000000011111111111111111111111111111111111111111111111111111111110000000000000000000000000011111111111111111111
10000000000000000000011111111111111111111111111111111111111111111111111111111111000000000000000000000000011111111111111111111
11000000000000000000011111111111111111111111111111111111111111111111111111111111000000000000000000000000111111111111111111111
11000000000000000000011111111111111111111111111111111111111111111111111111111110000000000000000000000000111111111111111111111
11000000000000000000011111111111111111111111111111111111111111111111111111111110000000000000000000000000111111111111111111111
10000000000000000000011111111111111111111111111111111111111111111111111111111110000000000000000000000000111111111111111111111
11000000000000000000011111111111111111111111111111111111111111111111111111111110000000000000000000000000111111111111111111111
11000000000000000000011111111111111111111111111111111111111111111111111111111110000000000000000000000000111111111111111111111
11000000000000000000011111111111111111111111111111111111111111111111111111111110000000000000000000000001111111111111111111111
11000000000000000000011111111111111111111111111111111111111111111111111111111100000000000000000000000001111111111111111111111
11000000000000000000011111111111111111111111111111111111111111111111111111111000000000000000000000000001111111111111111111111
11000000000000000000011111111111111111111111111111111111111111111111111111111000000000000000000000000001111111111111111111111
11000000000000000000001111111111111111111111111111111111111111111111111111111000000000000000000000000001111111111111111111111
11000000000000000000011111111111111111111111111111111111111111111111111111111000000000000000000000000011111111111111111111111
11100000000000000000001111111111111111111111111111111111111111111111111111111000000000000000000000000011111111111111111111111
11100000000000000000001111111111111111111111111111111111111111111111111111110000000000000000000000000011111111111111111111111
11100000000000000000001111111111111111111111111111111111111111111111111111110000000000000000000000000111111111111111111111111
11100000000000000000000111111111111111111111111111111111111111111111111111110000000000000000000000000111111111111111111111111
11100000000000000000001111111111111111111111111111111111111111111111111111110000000000000000000000000111111111111111111111111
11100000000000000000001111111111111111111111111111111111111111111111111111110000000000000000000000000111111111111111111111111
11110000000000000000000111111111111111111111111111111111111111111111111111110000000000000000000000000111111111111111111111111
11110000000000000000000111111111111111111111111111111111111111111111111111110000000000000000000000001111111111111111111111111
11110000000000000000000111111111111111111111111111111111111111111111111111100000000000000000000000001111111111111111111111111
11100000000000000000000111111111111111111111111111111111111111111111111111100000000000000000000000001111111111111111111111111
11110000000000000000000111111111111111111111111111111111111111111111111111100000000000000000000000001111111111111111111111111
11110000000000000000000111111111111111111111111111111111111111111111111111100000000000000000000000001111111111111111111111111
11110000000000000000000011111111111111111111111111111111111111111111111111100000000000000000000000001111111111111111111111111
11110000000000000000000011111111111111111111111111111111111111111111111111100000000000000000000000001111111111111111111111111
11110000000000000000000011111111111111111111111111111111111111111111111111000000000000000000000000011111111111111111111111111
11111000000000000000000011111111111111111111111111111111111111111111111111000000000000000000000000011111111111111111111111111
11111000000000000000000011111111111111111111111111111111111111111111111111000000000000000000000000011111111111111111111111111
11110000000000000000000011111111111111111111111111111111111111111111111111000000000000000000000000011111111111111111111111111
11111000000000000000000001111111111111111111111111111111111111111111111111000000000000000000000000011111111111111111111111111
11111000000000000000000001111111111111111111111111111111111111111111111111000000000000000000000000111111111111111111111111111
11111000000000000000000001111111111111111111111111111111111111111111111111000000000000000000000000111111111111111111111111111
11111000000000000000000001111111111111111111111111111111111111111111111110000000000000000000000000111111111111111111111111111
11111100000000000000000001111111111111111111111111111111111111111111111110000000000000000000000000111111111111111111111111111
11111100000000000000000001111111111111111111111111111111111111111111111110000000000000000000000000111111111111111111111111111
11111100000000000000000000111111111111111111111111111111111111111111111110000000000000000000000001111111111111111111111111111
11111100000000000000000000111111111111111111111111111111111111111111111110000000000000000000000001111111111111111111111111111
11111100000000000000000000111111111111111111111111111111111111111111111100000000000000000000000011111111111111111111111111111
11111100000000000000000000111111111111111111111111111111111111111111111000000000000000000000000011111111111111111111111111111
11111110000000000000000000111111111111111111111111111111111111111111111000000000000000000000000011111111111111111111111111111
11111110000000000000000000111111111111111111111111111111111111111111111000000000000000000000000011111111111111111111111111111
11111110000000000000000000011111111111111111111111111111111111111111111000000000000000000000000011111111111111111111111111111
11111111000000000000000000011111111111111111111111111111111111111111111000000000000000000000000011111111111111111111111111111
11111111000000000000000000011111111111111111111111111111111111111111110000000000000000000000000011111111111111111111111111111
11111111000000000000000000011111111111111111111111111111111111111111110000000000000000000000000111111111111111111111111111111
11111111000000000000000000001111111111111111111111111111111111111111110000000000000000000000000111111111111111111111111111111
11111111000000000000000000001111111111111111111111111111111111111111110000000000000000000000000111111111111111111111111111111
11111111000000000000000000001111111111111111111111111111111111111111110000000000000000000000000111111111111111111111111111111
11111111000000000000000000001111111111111111111111111111111111111111110000000000000000000000000111111111111111111111111111111
11111111100000000000000000000111111111111111111111111111111111111111110000000000000000000000001111111111111111111111111111111
11111111000000000000000000000111111111111111111111111111111111111111110000000000000000000000001111111111111111111111111111111
11111111100000000000000000000111111111111111111111111111111111111111100000000000000000000000001111111111111111111111111111111
11111111100000000000000000000111111111111111111111111111111111111111100000000000000000000000001111111111111111111111111111111
11111111110000000000000000000011111111111111111111111111111111111111100000000000000000000000001111111111111111111111111111111
11111111110000000000000000000011111111111111111111111111111111111111100000000000000000000000001111111111111111111111111111111
11111111110000000000000000000011111111111111111111111111111111111111100000000000000000000000001111111111111111111111111111111
11111111110000000000000000000001111111111111111111111111111111111111100000000000000000000000011111111111111111111111111111111
11111111110000000000000000000001111111111111111111111111111111111111000000000000000000000000011111111111111111111111111111111
11111111111000000000000000000001111111111111111111111111111111111111000000000000000000000000111111111111111111111111111111111
11111111111000000000000000000001111111111111111111111111111111111111000000000000000000000000111111111111111111111111111111111
11111111111100000000000000000000111111111111111111111111111111111111000000000000000000000000111111111111111111111111111111111
11111111111100000000000000000000111111111111111111111111111111111111000000000000000000000000111111111111111111111111111111111
11111111111100000000000000000000111111111111111111111111111111111111000000000000000000000000111111111111111111111111111111111
11111111111100000000000000000000111111111111111111111111111111111110000000000000000000000001111111111111111111111111111111111
11111111111100000000000000000000111111111111111111111111111111111110000000000000000000000001111111111111111111111111111111111
11111111111100000000000000000000011111111111111111111111111111111110000000000000000000000001111111111111111111111111111111111
11111111111110000000000000000000001111111111111111111111111111111110000000000000000000000001111111111111111111111111111111111
11111111111110000000000000000000001111111111111111111111111111111110000000000000000000000001111111111111111111111111111111111
11111111111110000000000000000000001111111111111111111111111111111100000000000000000000000001111111111111111111111111111111111
11111111111110000000000000000000001111111111111111111111111111111000000000000000000000000001111111111111111111111111111111111
11111111111110000000000000000000000111111111111111111111111111111000000000000000000000000011111111111111111111111111111111111
11111111111110000000000000000000000111111111111111111111111111111000000000000000000000000011111111111111111111111111111111111
11111111111111000000000000000000000011111111111111111111111111111000000000000000000000000011111111111111111111111111111111111
11111111111111000000000000000000000011111111111111111111111111111000000000000000000000000011111111111111111111111111111111111
11111111111111100000000000000000000011111111111111111111111111111000000000000000000000000011111111111111111111111111111111111
11111111111111100000000000000000000011111111111111111111111111111000000000000000000000000111111111111111111111111111111111111
11111111111111100000000000000000000001111111111111111111111111110000000000000000000000000111111111111111111111111111111111111
11111111111111100000000000000000000001111111111111111111111111110000000000000000000000000111111111111111111111111111111111111
11111111111111110000000000000000000000111111111111111111111111110000000000000000000000000111111111111111111111111111111111111
11111111111111110000000000000000000000011111111111111111111111110000000000000000000000000111111111111111111111111111111111111
11111111111111110000000000000000000000011111111111111111111111110000000000000000000000000111111111111111111111111111111111111
11111111111111110000000000000000000000011111111111111111111111110000000000000000000000000111111111111111111111111111111111111
11111111111111111000000000000000000000011111111111111111111111100000000000000000000000001111111111111111111111111111111111111
11111111111111111000000000000000000000011111111111111111111111100000000000000000000000001111111111111111111111111111111111111
11111111111111111000000000000000000000001111111111111111111111100000000000000000000000001111111111111111111111111111111111111
11111111111111111100000000000000000000000111111111111111111111100000000000000000000000001111111111111111111111111111111111111
11111111111111111100000000000000000000000011111111111111111111100000000000000000000000011111111111111111111111111111111111111
11111111111111111100000000000000000000000011111111111111111111100000000000000000000000011111111111111111111111111111111111111
11111111111111111100000000000000000000000001111111111111111111000000000000000000000000111111111111111111111111111111111111111
11111111111111111110000000000000000000000001111111111111111111000000000000000000000000111111111111111111111111111111111111111
11111111111111111110000000000000000000000000111111111111111111000000000000000000000000111111111111111111111111111111111111111
11111111111111111110000000000000000000000000111111111111111111000000000000000000000000111111111111111111111111111111111111111
11111111111111111110000000000000000000000000011111111111111111000000000000000000000000111111111111111111111111111111111111111
11111111111111111110000000000000000000000000011111111111111111000000000000000000000000111111111111111111111111111111111111111
11111111111111111111000000000000000000000000001111111111111110000000000000000000000001111111111111111111111111111111111111111
11111111111111111111100000000000000000000000001111111111111110000000000000000000000001111111111111111111111111111111111111111
11111111111111111111100000000000000000000000000111111111111110000000000000000000000001111111111111111111111111111111111111111
11111111111111111111100000000000000000000000000111111111111110000000000000000000000001111111111111111111111111111111111111111
11111111111111111111100000000000000000000000000011111111111110000000000000000000000001111111111111111111111111111111111111111
11111111111111111111100000000000000000000000000011111111111110000000000000000000000001111111111111111111111111111111111111111
11111111111111111111110000000000000000000000000001111111111110000000000000000000000001111111111111111111111111111111111111111
11111111111111111111111000000000000000000000000000111111111100000000000000000000000011111111111111111111111111111111111111111
11111111111111111111111000000000000000000000000000011111111100000000000000000000000011111111111111111111111111111111111111111
11111111111111111111111000000000000000000000000000011111111100000000000000000000000011111111111111111111111111111111111111111
11111111111111111111111000000000000000000000000000001111111100000000000000000000000011111111111111111111111111111111111111111
11111111111111111111111100000000000000000000000000001111111100000000000000000000000011111111111111111111111111111111111111111
11111111111111111111111100000000000000000000000000000111111000000000000000000000000111111111111111111111111111111111111111111
11111111111111111111111110000000000000000000000000000111111000000000000000000000000111111111111111111111111111111111111111111
11111111111111111111111111000000000000000000000000000011111000000000000000000000000111111111111111111111111111111111111111111
11111111111111111111111111000000000000000000000000000011111000000000000000000000000111111111111111111111111111111111111111111
11111111111111111111111111000000000000000000000000000001111000000000000000000000000111111111111111111111111111111111111111111
11111111111111111111111111000000000000000000000000000000011000000000000000000000000111111111111111111111111111111111111111111
11111111111111111111111111000000000000000000000000000000011000000000000000000000000111111111111111111111111111111111111111111
11111111111111111111111111100000000000000000000000000000000000000000000000000000001111111111111111111111111111111111111111111
11111111111111111111111111110000000000000000000000000000000000000000000000000000001111111111111111111111111111111111111111111
11111111111111111111111111110000000000000000000000000000000000000000000000000000001111111111111111111111111111111111111111111
11111111111111111111111111110000000000000000000000000000000000000000000000000000001111111111111111111111111111111111111111111
11111111111111111111111111110000000000000000000000000000000000000000000000000000001111111111111111111111111111111111111111111
11111111111111111111111111111000000000000000000000000000000000000000000000000000011111111111111111111111111111111111111111111
11111111111111111111111111111100000000000000000000000000000000000000000000000000011111111111111111111111111111111111111111111
11111111111111111111111111111100000000000000000000000000000000000000000000000000011111111111111111111111111111111111111111111
11111111111111111111111111111110000000000000000000000000000000000000000000000000011111111111111111111111111111111111111111111
11111111111111111111111111111110000000000000000000000000000000000000000000000000011111111111111111111111111111111111111111111
11111111111111111111111111111111000000000000000000000000000000000000000000000000011111111111111111111111111111111111111111111
11111111111111111111111111111111000000000000000000000000000000000000000000000000011111111111111111111111111111111111111111111
11111111111111111111111111111111100000000000000000000000000000000000000000000000011111111111111111111111111111111111111111111
11111111111111111111111111111111100000000000000000000000000000000000000000000000111111111111111111111111111111111111111111111
11111111111111111111111111111111110000000000000000000000000000000000000000000000111111111111111111111111111111111111111111111
11111111111111111111111111111111110000000000000000000000000000000000000000000000111111111111111111111111111111111111111111111
11111111111111111111111111111111111000000000000000000000000000000000000000000000111111111111111111111111111111111111111111111
11111111111111111111111111111111111000000000000000000000000000000000000000000000111111111111111111111111111111111111111111111
11111111111111111111111111111111111000000000000000000000000000000000000000000000111111111111111111111111111111111111111111111
11111111111111111111111111111111111000000000000000000000000000000000000000000001111111111111111111111111111111111111111111111
11111111111111111111111111111111111100000000000000000000000000000000000000000001111111111111111111111111111111111111111111111
11111111111111111111111111111111111100000000000000000000000000000000000000000001111111111111111111111111111111111111111111111
11111111111111111111111111111111111110000000000000000000000000000000000000000001111111111111111111111111111111111111111111111
11111111111111111111111111111111111110000000000000000000000000000000000000000001111111111111111111111111111111111111111111111
11111111111111111111111111111111111111000000000000000000000000000000000000000001111111111111111111111111111111111111111111111
11111111111111111111111111111111111111000000000000000000000000000000000000000011111111111111111111111111111111111111111111111
11111111111111111111111111111111111111100000000000000000000000000000000000000011111111111111111111111111111111111111111111111
11111111111111111111111111111111111111100000000000000000000000000000000000000111111111111111111111111111111111111111111111111
11111111111111111111111111111111111111110100000000000000000000000000000000000111111111111111111111111111111111111111111111111
11111111111111111111111111111111111111111100000000000000000000000000000000000111111111111111111111111111111111111111111111111
11111111111111111111111111111111111111111110000000000000000000000000000000000111111111111111111111111111111111111111111111111
11111111111111111111111111111111111111111110000000000000000000000000000000001111111111111111111111111111111111111111111111111
11111111111111111111111111111111111111111111000000000000000000000000000000001111111111111111111111111111111111111111111111111
11111111111111111111111111111111111111111111100000000000000000000000000000001111111111111111111111111111111111111111111111111
11111111111111111111111111111111111111111111100000000000000000000000000000001111111111111111111111111111111111111111111111111
11111111111111111111111111111111111111111111110000000000000000000000000000001111111111111111111111111111111111111111111111111
11111111111111111111111111111111111111111111110000000000000000000000000000001111111111111111111111111111111111111111111111111
11111111111111111111111111111111111111111111111000000000000000000000000000001111111111111111111111111111111111111111111111111
11111111111111111111111111111111111111111111111100000000000000000000000000011111111111111111111111111111111111111111111111111
11111111111111111111111111111111111111111111111100000000000000000000000000011111111111111111111111111111111111111111111111111
11111111111111111111111111111111111111111111111110000000000000000000000000011111111111111111111111111111111111111111111111111
11111111111111111111111111111111111111111111111110000000000000000000000000011111111111111111111111111111111111111111111111111
11111111111111111111111111111111111111111111111111000000000000000000000000011111111111111111111111111111111111111111111111111
11111111111111111111111111111111111111111111111111010000000000000000000000011111111111111111111111111111111111111111111111111
11111111111111111111111111111111111111111111111111110000000000000000000000111111111111111111111111111111111111111111111111111
11111111111111111111111111111111111111111111111111110000000000000000000000111111111111111111111111111111111111111111111111111
11111111111111111111111111111111111111111111111111111000000000000000000000111111111111111111111111111111111111111111111111111
11111111111111111111111111111111111111111111111111111100000000000000000000111111111111111111111111111111111111111111111111111
11111111111111111111111111111111111111111111111111111110000000000000000000111111111111111111111111111111111111111111111111111
11111111111111111111111111111111111111111111111111111110000000000000000000111111111111111111111111111111111111111111111111111
11111111111111111111111111111111111111111111111111111111100000000000000001111111111111111111111111111111111111111111111111111
11111111111111111111111111111111111111111111111111111111100000000000000001111111111111111111111111111111111111111111111111111
11111111111111111111111111111111111111111111111111111111110000000000000001111111111111111111111111111111111111111111111111111
11111111111111111111111111111111111111111111111111111111110000000000000011111111111111111111111111111111111111111111111111111
11111111111111111111111111111111111111111111111111111111111000000000000011111111111111111111111111111111111111111111111111111
11111111111111111111111111111111111111111111111111111111111010000000000011111111111111111111111111111111111111111111111111111
11111111111111111111111111111111111111111111111111111111111110000000000011111111111111111111111111111111111111111111111111111
11111111111111111111111111111111111111111111111111111111111111000000000111111111111111111111111111111111111111111111111111111
11111111111111111111111111111111111111111111111111111111111111000000000111111111111111111111111111111111111111111111111111111
11111111111111111111111111111111111111111111111111111111111111110000000111111111111111111111111111111111111111111111111111111
11111111111111111111111111111111111111111111111111111111111111111000000111111111111111111111111111111111111111111111111111111
11111111111111111111111111111111111111111111111111111111111111111000001111111111111111111111111111111111111111111111111111111
11111111111111111111111111111111111111111111111111111111111111111110001111111111111111111111111111111111111111111111111111111
