115 184
1111111111111111111111111111111111111111111111111111111111111111111111111111111111111111111111111111111111111111111111111111111111111111111111111111111111111111111111110000111111111111
1111111111111111111111111111111111111111111111111111111111111111111111111111111111111111111111111111111111111111111111111111111111111111111111111111111111111111111000000000000001111111
1111111111111111111111111111111111111111111111111111111111111111111111111111111111111111111111111111111111111111111111111111111111111111111111111111111111111100000000000000000000011111
1111111111111111111111111111111111111111111111111111111111111111111111111111111111111111111111111111111111111111111111111111111111111111111111111111111111111000000000000000000000001111
1111111111111111111111111111111111111111111111111111111111111111111111111111111111111111111111111111111111111111111111111111111111111111111111111111111111110000000000000000000000000011
1111111111111111111111111111111111111111111111111111111111111111111111111111111111111111111111111111111111111111111111111111111111111111111111111111111111000000000000000000000000000000
1111111111111111111111111111111111111111111111111111111111111111111111111111111111111111111111111111111111111111111111111111111111111111111111111111111110000000000000000000000000000000
1111111111111111011111111111111111111111111111111111111111111111111111111111111111111111111111111111111111111111111111111111111111111111111111111111111110000000000000000000000000000000
1111111100000000000010111111111111111111111111111111111111111111111111111111111111111111111111111111111111111111111111111111111111111111111111111111111100000000000000000000000000000000
1111100000000000000000011111111111111111111111111111111111111111111111111111111111111111111111111111111111111111111111111111111111111111111111111111111100000000000000000000000000000011
1111000000000000000000000011111111111111111111111111111111111111111111111111111111111111111111111111111111111111111111111111111111111111111111111111111000000000000000000000000000000001
1000000000000000000000000000111111111111111111111111111111111111111111111111111111111111111111111111111111111111111111111111111111111111111111111111110000000000000000000000000000000011
1100000000000000000000000000000111111111111111111111111111111111111111111111111111111111111111111111111111111111111111111111111111111111111111111111100000000000000000000000000000000011
0000000000000000000000000000000111111111111111111111111111111111111111111111111111111111111111111111111111111111111111111111111111111111111111111111100000000000000000000000000000001111
0000000000000000000000000000000011111111111111111111111111111111111111111111111111111111111111111111111111111111111111111111111111111111111111111110000000000000000000000000000000001111
1000000000000000000000000000000000111111111111111111111111111111111111111111111111111111111111111111111111111111111111111111111111111111111111111100000000000000000000000000000000011111
1000000000000000000000000000000000111111111111111111111111111111111111111111111111111111111111111111111111111111111111111111111111111111111111111100000000000000000000000000000000111111
1000000000000000000000000000000000001111111111111111111111111111111111111111111111111111111111111111111111111111111111111111111111111111111111111000000000000000000000000000000000111111
1000000000000000000000000000000000000111111111111111111111111111111111111111111111111111111111111111111111111111111111111111111111111111111111111000000000000000000000000000000001111111
1110000000000000000000000000000000000111111111111111111111111111111111111111111111111111111111111111111111111111111111111111111111111111111111110000000000000000000000000000000001111111
1110000000000000000000000000000000000001111111111111111111111111111111111111111111111111111111111111111111111111111111111111111111111111111111100000000000000000000000000000000011111111
1111000000000000000000000000000000000001111111111111111111111111111111111111111111111111111111111111111111111111111111111111111111111111111110000000000000000000000000000000000111111111
1111000000000000000000000000000000000000011111111111111111111111111111111111111111111111111111111111111111111111111111111111111111111111111111000000000000000000000000000000001111111111
1111110000000000000000000000000000000000011111111111111111111111111111111111111111111111111111111111111111111111111111111111111111111111111100000000000000000000000000000000011111111111
1111110000000000000000000000000000000000001111111111111111111111111111111111111111111111111111111111111111111111111111111111111111111111111000000000000000000000000000000000001111111111
1111111100000000000000000000000000000000001111111111111111111111111111111111111111111111111111111111111111111111111111111111111111111111111000000000000000000000000000000000011111111111
1111111110000000000000000000000000000000001111111111111111111111111111111111111111111111111111111111111111111111111111111111111111111111110000000000000000000000000000000001111111111111
1111111110000000000000000000000000000000000011111111111111111111111111111111111111111111111111111111111111111111111111111111111111111111111000000000000000000000000000000000111111111111
1111111111100000000000000000000000000000000011111111111111111111111111111111111111111111111111111111111111111111111111111111111111111111100000000000000000000000000000000011111111111111
1111111111100000000000000000000000000000000011111111111111111111111111111111111111111111111111111111111111111111111111111111111111111111100000000000000000000000000000000111111111111111
1111111111110000000000000000000000000000000000111111111111111111111111111111111111111111111111111111111111111111111111111111111111111111000000000000000000000000000000001111111111111111
1111111111111000000000000000000000000000000000111111111111111111111111111111111111111111111111111111111111111111111111111111111111111110000000000000000000000000000000001111111111111111
1111111111111100000000000000000000000000000000101111111111111111111111111111111111111111111111111111111111111111111111111111111111111110000000000000000000000000000000011111111111111111
1111111111111110000000000000000000000000000000001111111111111111111111111111111111111111111111111111111111111111111111111111111111111100000000000000000000000000000001111111111111111111
1111111111111111000000000000000000000000000000001111111111111111111111111111111111111111111111111111111111111111111111111111111111111100000000000000000000000000000001111111111111111111
1111111111111111000000000000000000000000000000001111111111111111111111111111111111111111111111111111111111111111111111111110000000000000000000000000000000000000000000111111111111111111
1111111111111111110000000000000000000000000000000011111111111111111111111111111111111111111111111111111111111111111111000000000000000000000000000000000000000000000000011111111111111111
1111111111111111110000000000000000000000000000000011111111111111111111111111111111111111111111111111111111111111100000000000000000000000000000000000000000000000000000001111111111111111
1111111111111111110000000000000000000000000000000011111111111111111111111111111111111111111111111111111100000000000000000000000000000000000000000000000000000000000000001111111111111111
1111111111111111111100000000000000000000000000000001111111111111111111111111111111111111111111111110000000000000000000000000000000000000000000000000000000000000000000001111111111111111
1111111111111111111100000000000000000000000000000000111111111111111111111111111111111111111110000000000000000000000000000000000000000000000000000000000000000000000000001111111111111111
1111111111111111111100000000000000000000000000000000111111111111111111111111111111111100000000000000000000000000000000000000000000000000000000000000000000000000000000001111111111111111
1111111111111111111111000000000000000000000000000000111111111111111111111111111110000000000000000000000000000000000000000000000000000000000000000000000000000000000000011111111111111111
1111111111111111111111000000000000000000000000000000011111111111111111111100000000000000000000000000000000000000000000000000000000000000000000000000000000000000000000111111111111111111
1111111111111111111111000000000000000000000000000000011111111111111000000000000000000000000000000000000000000000000000000000000000000000000000000000000000000000000011111111111111111111
1111111111111111111111100000000000000000000000000000011111110000000000000000000000000000000000000000000000000000000000000000000000000000000000000000000000000000000111111111111111111111
1111111111111111111111110000000000000000000000000000000000000000000000000000000000000000000000000000000000000000000000000000000000000000000000000000000000000011111111111111111111111111
1111111111111111111111110000000000000000000000000000000000000000000000000000000000000000000000000000000000000000000000000000000000000000000000000000000000011111111111111111111111111111
1111111111111111111111111000000000000000000000000000000000000000000000000000000000000000000000000000000000000000000000000000000000000000000000000000000000111111111111111111111111111111
1111111111111111111111111000000000000000000000000000000000000000000000000000000000000000000000000000000000000000000000000000000000000000000000000000000001111111111111111111111111111111
1111111111111111111111111000000000000000000000000000000000000000000000000000000000000000000000000000000000000000000000000000000000000000000000000000000111111111111111111111111111111111
1111111111111111111111111110000000000000000000000000000000000000000000000000000000000000000000000000000000000000000000000000000000000000000000000000000011111111111111111111111111111111
1111111111111111111111111110000000000000000000000000000000000000000000000000000000000000000000000000000000000000000000000000000000000000000000000000000111111111111111111111111111111111
1111111111111111111111111110000000000000000000000000000000000000000000000000000000000000000000000000000000000011111111000000000000000000000000000000011111111111111111111111111111111111
1111111111111111111111111111100000000000000000000000000000000000000000000000000000000000000000000000000001111111111100000000000000000000000000000000111111111111111111111111111111111111
1111111111111111111111111111100000000000000000000000000000000000000000000000000000000000000000000000011111111111111000000000000000000000000000000000111111111111111111111111111111111111
1111111111111111111111111111100000000000000000000000000000000000000000000000000000000000001111111111111111111111110000000000000000000000000000000111111111111111111111111111111111111111
1111111111111111111111111111111000000000000000000000000000000000000000000000000000001111111111111111111111111111100000000000000000000000000000001111111111111111111111111111111111111111
1111111111111111111111111111111000000000000000000000000000000000000000000000011111111111111111111111111111111110000000000000000000000000000000001111111111111111111111111111111111111111
1111111111111111111111111111111000000000000000000000000000000000000000111111111111111111111111111111111111111100000000000000000000000000000000001111111111111111111111111111111111111111
1111111111111111111111111111111000000000000000000000000000000000111111111111111111111111111111111111111111111100000000000000000000000000000000111111111111111111111111111111111111111111
1111111111111111111111111111111110000000000000000000000000000000011111111111111111111111111111111111111111111000000000000000000000000000000001111111111111111111111111111111111111111111
1111111111111111111111111111111110000000000000000000000000000000011111111111111111111111111111111111111111110000000000000000000000000000000001111111111111111111111111111111111111111111
1111111111111111111111111111111110000000000000000000000000000000011111111111111111111111111111111111111111100000000000000000000000000000000011111111111111111111111111111111111111111111
1111111111111111111111111111111111000000000000000000000000000000000111111111111111111111111111111111111110000000000000000000000000000000001111111111111111111111111111111111111111111111
1111111111111111111111111111111111100000000000000000000000000000000111111111111111111111111111111111111100000000000000000000000000000000011111111111111111111111111111111111111111111111
1111111111111111111111111111111111110000000000000000000000000000000111111111111111111111111111111111111000000000000000000000000000000000111111111111111111111111111111111111111111111111
1111111111111111111111111111111111110000000000000000000000000000000011111111111111111111111111111111100000000000000000000000000000000011111111111111111111111111111111111111111111111111
1111111111111111111111111111111111110000000000000000000000000000000011111111111111111111111111111111100000000000000000000000000000000001111111111111111111111111111111111111111111111111
1111111111111111111111111111111111110000000000000000000000000000000001111111111111111111111111111111100000000000000000000000000000000011111111111111111111111111111111111111111111111111
1111111111111111111111111111111111111110000000000000000000000000000000111111111111111111111111111110000000000000000000000000000000000111111111111111111111111111111111111111111111111111
1111111111111111111111111111111111111110000000000000000000000000000000111111111111111111111111111100000000000000000000000000000000011111111111111111111111111111111111111111111111111111
1111111111111111111111111111111111111111000000000000000000000000000000111111111111111111111111111000000000000000000000000000000000111111111111111111111111111111111111111111111111111111
1111111111111111111111111111111111111111000000000000000000000000000000001111111111111111111111100000000000000000000000000000000001111111111111111111111111111111111111111111111111111111
1111111111111111111111111111111111111111000000000000000000000000000000001111111111111111111111000000000000000000000000000000000111111111111111111111111111111111111111111111111111111111
1111111111111111111111111111111111111111100000000000000000000000000000001111111111111111111110000000000000000000000000000000000111111111111111111111111111111111111111111111111111111111
1111111111111111111111111111111111111111110000000000000000000000000000000011111111111111111000000000000000000000000000000000000111111111111111111111111111111111111111111111111111111111
1111111111111111111111111111111111111111110000000000000000000000000000000011111111111111111000000000000000000000000000000000011111111111111111111111111111111111111111111111111111111111
1111111111111111111111111111111111111111110000000000000000000000000000000011111111111111111000000000000000000000000000000000111111111111111111111111111111111111111111111111111111111111
1111111111111111111111111111111111111111111100000000000000000000000000000011111111111111110000000000000000000000000000000001111111111111111111111111111111111111111111111111111111111111
1111111111111111111111111111111111111111111100000000000000000000000000000000111111111111000000000000000000000000000000000011111111111111111111111111111111111111111111111111111111111111
1111111111111111111111111111111111111111111100000000000000000000000000000000111111111110000000000000000000000000000000000011111111111111111111111111111111111111111111111111111111111111
1111111111111111111111111111111111111111111111000000000000000000000000000000001111111100000000000000000000000000000000011111111111111111111111111111111111111111111111111111111111111111
1111111111111111111111111111111111111111111111000000000000000000000000000000001111110000000000000000000000000000000000011111111111111111111111111111111111111111111111111111111111111111
1111111111111111111111111111111111111111111111000000000000000000000000000000001111110000000000000000000000000000000000111111111111111111111111111111111111111111111111111111111111111111
1111111111111111111111111111111111111111111111100000000000000000000000000000001111000000000000000000000000000000000001111111111111111111111111111111111111111111111111111111111111111111
1111111111111111111111111111111111111111111111110000000000000000000000000000000111000000000000000000000000000000000111111111111111111111111111111111111111111111111111111111111111111111
1111111111111111111111111111111111111111111111110000000000000000000000000000000000000000000000000000000000000000000111111111111111111111111111111111111111111111111111111111111111111111
1111111111111111111111111111111111111111111111111100000000000000000000000000000000000000000000000000000000000000011111111111111111111111111111111111111111111111111111111111111111111111
1111111111111111111111111111111111111111111111111100000000000000000000000000000000000000000000000000000000000000011111111111111111111111111111111111111111111111111111111111111111111111
1111111111111111111111111111111111111111111111111100000000000000000000000000000000000000000000000000000000000000111111111111111111111111111111111111111111111111111111111111111111111111
1111111111111111111111111111111111111111111111111110000000000000000000000000000000000000000000000000000000000111111111111111111111111111111111111111111111111111111111111111111111111111
1111111111111111111111111111111111111111111111111110000000000000000000000000000000000000000000000000000000000011111111111111111111111111111111111111111111111111111111111111111111111111
1111111111111111111111111111111111111111111111111110000000000000000000000000000000000000000000000000000000001111111111111111111111111111111111111111111111111111111111111111111111111111
1111111111111111111111111111111111111111111111111111000000000000000000000000000000000000000000000000000000011111111111111111111111111111111111111111111111111111111111111111111111111111
1111111111111111111111111111111111111111111111111111100000000000000000000000000000000000000000000000000000111111111111111111111111111111111111111111111111111111111111111111111111111111
1111111111111111111111111111111111111111111111111111100000000000000000000000000000000000000000000000000001111111111111111111111111111111111111111111111111111111111111111111111111111111
1111111111111111111111111111111111111111111111111111100000000000000000000000000000000000000000000000000111111111111111111111111111111111111111111111111111111111111111111111111111111111
1111111111111111111111111111111111111111111111111111111000000000000000000000000000000000000000000000001111111111111111111111111111111111111111111111111111111111111111111111111111111111
1111111111111111111111111111111111111111111111111111111000000000000000000000000000000000000000000000011111111111111111111111111111111111111111111111111111111111111111111111111111111111
1111111111111111111111111111111111111111111111111111111000000000000000000000000000000000000000000001111111111111111111111111111111111111111111111111111111111111111111111111111111111111
1111111111111111111111111111111111111111111111111111111000000000000000000000000000000000000000000001111111111111111111111111111111111111111111111111111111111111111111111111111111111111
1111111111111111111111111111111111111111111111111111111110000000000000000000000000000000000000000111111111111111111111111111111111111111111111111111111111111111111111111111111111111111
1111111111111111111111111111111111111111111111111111111110000000000000000000000000000000000000001111111111111111111111111111111111111111111111111111111111111111111111111111111111111111
1111111111111111111111111111111111111111111111111111111111000000000000000000000000000000000000011111111111111111111111111111111111111111111111111111111111111111111111111111111111111111
1111111111111111111111111111111111111111111111111111111111100000000000000000000000000000000000111111111111111111111111111111111111111111111111111111111111111111111111111111111111111111
1111111111111111111111111111111111111111111111111111111111100000000000000000000000000000000011111111111111111111111111111111111111111111111111111111111111111111111111111111111111111111
1111111111111111111111111111111111111111111111111111111111100000000000000000000000000000000111111111111111111111111111111111111111111111111111111111111111111111111111111111111111111111
1111111111111111111111111111111111111111111111111111111111111000000000000000000000000000001111111111111111111111111111111111111111111111111111111111111111111111111111111111111111111111
1111111111111111111111111111111111111111111111111111111111111000000000000000000000000000011111111111111111111111111111111111111111111111111111111111111111111111111111111111111111111111
1111111111111111111111111111111111111111111111111111111111111010000000000000000000000001111111111111111111111111111111111111111111111111111111111111111111111111111111111111111111111111
1111111111111111111111111111111111111111111111111111111111111110000000000000000000001111111111111111111111111111111111111111111111111111111111111111111111111111111111111111111111111111
1111111111111111111111111111111111111111111111111111111111111111110000000000000000001111111111111111111111111111111111111111111111111111111111111111111111111111111111111111111111111111
1111111111111111111111111111111111111111111111111111111111111111110000000000000001111111111111111111111111111111111111111111111111111111111111111111111111111111111111111111111111111111
1111111111111111111111111111111111111111111111111111111111111111111100000000000111111111111111111111111111111111111111111111111111111111111111111111111111111111111111111111111111111111
